1.5250000000 -9 8 17 0.0096000003 0.0197818183 1.0074181556 0 64 119 160 89.00
1.7710000038 -24 -16 11 0.0174545469 0.0218181824 1.0001454353 0 66 119 148 89.00
2.0179998874 -6 -8 -1 0.0139636373 0.0226909089 1.0085818767 0 66 120 145 89.00
2.2650001049 -14 17 -6 0.0151272726 0.0224000000 1.0109090805 0 66 119 143 89.00
2.5109999179 -24 -9 15 0.0125090909 0.0160000014 1.0126545429 0 65 117 141 89.00
2.7579998970 -8 -3 17 0.0101818180 0.0183272733 0.9983999252 0 65 117 141 89.00
3.0079998970 -1 5 -17 0.0087272729 0.0250181818 1.0094544887 0 65 118 142 89.00
3.2550001144 -17 4 -3 0.0066909084 0.0247272706 1.0065454244 0 66 120 143 89.00
3.5009999275 -27 -18 12 0.0066909084 0.0235636377 0.9978181838 0 66 120 144 89.00
3.74699997902 -1 -2 0.0061090908 0.0255999994 1.0176000595 0 66 119 143 89.00
3.99399995809 -17 7 0.0043636364 0.0285090923 0.9957818031 0 65 117 141 89.00
4.2410001754 -12 -13 -11 0.0066909084 0.0186181812 0.9981090545 0 65 117 141 89.00
4.4910001754 -39 5 -14 0.0206545448 0.0247272706 1.0033454895 0 65 118 142 89.00
4.7379999160 -18 -17 3 0.0058181815 0.0255999994 1.0021817684 0 66 120 143 89.00
4.9840002059 -7 -12 9 0.0093090906 0.0194909095 1.0082908868 0 66 120 143 89.00
5.2300000190 -31 9 19 0.0072727270 0.0168727264 1.0039272308 0 65 118 142 89.00
5.47700023651 -16 -1 0.0104727268 0.0224000000 1.0021817684 0 65 117 141 89.00
5.7239999771 -4 1 -1 0.0110545456 0.0290909080 1.0016000270 0 65 118 142 89.00
5.9699997901 -9 -5 -17 0.0066909084 0.0215272736 1.0039272308 0 66 120 143 89.00
6.2199997901 -17 -8 10 0.0096000003 0.0255999994 1.0231273174 0 66 120 144 89.00
6.4670000076 -23 -15 -8 0.0110545456 0.0192000007 1.0033454895 0 66 120 143 89.00
6.7329998016 -4 12 15 0.0055272727 0.0247272706 1.0053818225 0 66 121 145 89.00
